 <pre>

 Contingency table for Cloud cover (octas)
 Selection: ALL    410 stations
Period: 20210922-20211022
Used {00,06,12,18} + 01 02 ... 36
 Limits   0.500000000       1.50000000       2.50000000       3.50000000       4.50000000       5.50000000       6.50000000       7.50000000    
 Each class is data <= limit, the very last > last limit
 Total number of values     1050206
                                                       OBSERVATION
                                  81029    17754    13284     9472     6387     7148     7593    12272    15925 |    170864
                                   9814     3655     3597     3174     2330     3188     3742     6888     8789 |     45177
                                   5613     2184     2069     2086     1599     2139     2754     4969     6861 |     30274
                                   4554     1730     1781     1757     1429     1861     2346     4603     6408 |     26469
            cy43mc_B_orimbr000     4306     1787     1706     1686     1469     2007     2529     5010     7168 |     27668
                                   4342     1748     1722     1714     1458     2163     2788     5824     8448 |     30207
                                   4864     1948     1846     1955     1719     2585     3438     7832    11695 |     37882
                                   6949     2801     2814     2951     2451     3967     5912    14019    22695 |     64559
                                  22761    11641     9591    12023     9857    19100    30244   145488   356401 |    617106

                    SUM          144232    45248    38410    36818    28699    44158    61346   206905   444390 |   1050206
                                                       OBSERVATION
                                  81441    17781    13380     9572     6347     7184     7715    12328    16003 |    171751
                                   9718     3627     3536     3207     2378     3196     3768     6890     8690 |     45010
                                   5689     2136     2078     1991     1640     2201     2675     5005     6667 |     30082
                                   4560     1763     1814     1787     1423     1954     2408     4653     6488 |     26850
            cy43mc_B_revmbr000     4375     1761     1734     1722     1442     2017     2556     4798     7101 |     27506
                                   4398     1726     1816     1747     1437     2135     2824     5827     8765 |     30675
                                   4936     2039     1841     1942     1655     2572     3541     7790    11677 |     37993
                                   6912     2810     2673     2919     2568     3981     5905    14054    23009 |     64831
                                  22203    11605     9538    11931     9809    18918    29954   145560   355990 |    615508

                    SUM          144232    45248    38410    36818    28699    44158    61346   206905   444390 |   1050206
                                                       OBSERVATION
                                  81173    17825    13416     9535     6324     7243     7647    12320    15978 |    171461
                                   9841     3650     3532     3300     2337     3107     3798     6878     8730 |     45173
                                   5631     2174     2188     2008     1653     2190     2657     5072     6817 |     30390
                                   4505     1762     1756     1708     1465     1987     2485     4571     6507 |     26746
         cy43mc_B_ori250mbr000     4429     1734     1705     1709     1443     2023     2515     4956     7043 |     27557
                                   4398     1827     1756     1737     1476     2165     2781     5775     8674 |     30589
                                   4901     1870     1874     1940     1666     2615     3523     7646    11887 |     37922
                                   6937     2818     2792     2963     2497     3963     5920    14043    22834 |     64767
                                  22417    11588     9391    11918     9838    18865    30020   145644   355920 |    615601

                    SUM          144232    45248    38410    36818    28699    44158    61346   206905   444390 |   1050206

