 <pre>

 Contingency table for Visibility (m)
 Selection: ALL    717 stations
Period: 20210922-20211022
Used {00,06,12,18} + 00 01 ... 36
 Limits    1000.00000       5000.00000       10000.0000       20000.0000    
 Each class is data <= limit, the very last > last limit
 Total number of values     2409137
                                     OBSERVATION
                                  19540    19368    11488    13149    13943 |     77488
                                  24669    87728    87102   103179   113475 |    416153
            cy43mc_B_orimbr000     7287    32481    60861   120098   177929 |    398656
                                   4029    21903    65027   210983   496073 |    798015
                                   2835    12120    42434   173119   488317 |    718825

                    SUM           58360   173600   266912   620528  1289737 |   2409137
                                     OBSERVATION
                                  19424    19185    11325    12883    13912 |     76729
                                  24487    87038    85984   101210   112628 |    411347
            cy43mc_B_revmbr000     7499    32719    60794   119326   176729 |    397067
                                   4116    22388    65738   212014   496049 |    800305
                                   2834    12270    43071   175095   490419 |    723689

                    SUM           58360   173600   266912   620528  1289737 |   2409137
                                     OBSERVATION
                                  19412    19159    11228    12766    13725 |     76290
                                  24651    87231    86255   101497   112809 |    412443
         cy43mc_B_ori250mbr000     7367    32631    60522   119046   176863 |    396429
                                   4037    22341    65787   212046   495499 |    799710
                                   2893    12238    43120   175173   490841 |    724265

                    SUM           58360   173600   266912   620528  1289737 |   2409137

