 <pre>

 Contingency table for 3h Precipitation (mm/3h)
 Selection: ALL    558 stations
Period: 20210922-20211022
Used {00,06,12,18} + 03 04 ... 36
 Limits   0.100000001      0.200000003      0.500000000       1.00000000       2.00000000       5.00000000       10.0000000       15.0000000       20.0000000    
 Each class is data <= limit, the very last > last limit
 Total number of values     1937263
                                                       OBSERVATION
                                1251436    21228    29199    18861    11681     6503     1086      101       28        5 |   1340128
                                  59568     5398     8921     6421     4118     2200      396       39        5        3 |     87069
                                  72164     9193    17146    14025    10031     5584      754       65       15        7 |    128984
                                  43560     7468    16657    16736    14205     9263     1254      129        9       16 |    109297
            cy43mc_B_orimbr000    26932     5341    14716    20153    24380    20649     2910      267       39       20 |    115407
                                  12786     2471     7224    13282    25294    45639    11751      990      127       80 |    119644
                                   1754      194      744     1327     3144    11580    10617     1998      383       89 |     31830
                                    179       15       50      109      172      699     1644      828      275       97 |      4068
                                     28        4        6       12       30       81      167      192      112       42 |       674
                                      4        0        1        1        3       17       29       35       36       36 |       162

                    SUM         1468411    51312    94664    90927    93058   102215    30608     4644     1029      395 |   1937263
                                                       OBSERVATION
                                1251074    21240    29100    18790    11534     6463     1087      101       29        8 |   1339426
                                  59541     5336     8914     6466     4083     2177      355       29        4        3 |     86908
                                  72175     9110    17112    13987    10089     5623      742       83       12        5 |    128938
                                  43667     7493    16725    16796    14312     9132     1292      123       10       10 |    109560
            cy43mc_B_revmbr000    27282     5473    14684    20133    24382    20634     2846      263       43       33 |    115773
                                  12727     2409     7379    13348    25337    45987    11770     1018      129       74 |    120178
                                   1727      224      708     1283     3107    11422    10705     1956      388       81 |     31601
                                    188       24       36      109      180      670     1631      857      285       92 |      4072
                                     26        3        6       13       32       93      163      186       93       55 |       670
                                      4        0        0        2        2       14       17       28       36       34 |       137

                    SUM         1468411    51312    94664    90927    93058   102215    30608     4644     1029      395 |   1937263
                                                       OBSERVATION
                                1251892    21278    29096    18792    11523     6466     1069       86       28        5 |   1340235
                                  59364     5356     8903     6438     4138     2329      393       33        4        4 |     86962
                                  72009     9163    17204    13998     9874     5568      735       86       14        9 |    128660
                                  43218     7410    16878    16830    14269     9225     1267      133       12       11 |    109253
         cy43mc_B_ori250mbr000    27192     5453    14584    20135    24707    20514     2910      260       39       26 |    115820
                                  12786     2423     7229    13316    25228    45821    11762     1013      135       79 |    119792
                                   1739      212      708     1289     3102    11511    10688     1977      374       85 |     31685
                                    181       16       56      121      183      682     1575      847      285       96 |      4042
                                     24        1        4        6       28       87      192      178      108       43 |       671
                                      6        0        2        2        6       12       17       31       30       37 |       143

                    SUM         1468411    51312    94664    90927    93058   102215    30608     4644     1029      395 |   1937263

